                   201   NumCoords   ! The number of coordinates in the airfoil shape file (including an extra coordinate for airfoil reference).  Set to zero if coordinates not included.
! ......... x-y coordinates are next if NumCoords > 0 .............
! x-y coordinate of airfoil reference
!  x/c        y/c
 0.284901       0
! coordinates of airfoil shape
! interpolation to 200 points
!  x/c        y/c
 1.00000000000000e+00 -8.37001459482757e-03
 9.75299086761934e-01 -3.42786973024613e-03
 9.50411074794268e-01  4.96826601960591e-05
 9.25434268496540e-01  1.64825301897910e-03
 9.00477256494643e-01  1.97571871417865e-03
 8.75643035697940e-01  9.86314469606135e-04
 8.51017209633579e-01 -1.24971251649822e-03
 8.26663860536216e-01 -4.53704309901151e-03
 8.02640180268987e-01 -8.78802270652190e-03
 7.78999708146271e-01 -1.39563715441608e-02
 7.55789273159933e-01 -1.99814903299565e-02
 7.33005745413040e-01 -2.66515332972394e-02
 7.10650175759070e-01 -3.38204386984130e-02
 6.88720277828800e-01 -4.13695940066151e-02
 6.67200056334974e-01 -4.91689770910642e-02
 6.46063054713837e-01 -5.70808902931159e-02
 6.25286214836062e-01 -6.49919485292869e-02
 6.04846071287246e-01 -7.27965050366719e-02
 5.84718679870306e-01 -8.03930948133696e-02
 5.64889295669067e-01 -8.77047447054666e-02
 5.45349587297503e-01 -9.46707249324667e-02
 5.26090939280055e-01 -1.01226417260157e-01
 5.07116632544052e-01 -1.07338296050954e-01
 4.88432670211759e-01 -1.12979971494030e-01
 4.70045456389541e-01 -1.18124059028439e-01
 4.51966092712302e-01 -1.22758433756226e-01
 4.34209984742252e-01 -1.26889386558696e-01
 4.16792923884086e-01 -1.30529499385785e-01
 3.99727032739685e-01 -1.33677839840168e-01
 3.83025395666702e-01 -1.36345608195821e-01
 3.66702391426360e-01 -1.38556487056305e-01
 3.50767230180381e-01 -1.40312619559042e-01
 3.35231695077172e-01 -1.41643345736926e-01
 3.20104039024168e-01 -1.42564087056031e-01
 3.05392456365923e-01 -1.43103520768392e-01
 2.91101917313558e-01 -1.43286947251908e-01
 2.77237107651313e-01 -1.43135918425374e-01
 2.63801487053979e-01 -1.42632659991819e-01
 2.50795573690436e-01 -1.41847655413029e-01
 2.38220894272491e-01 -1.40777204918301e-01
 2.26076898226867e-01 -1.39441427737595e-01
 2.14361150770199e-01 -1.37865812365133e-01
 2.03071709968466e-01 -1.36063473926747e-01
 1.92205360132877e-01 -1.34050324256153e-01
 1.81756570416946e-01 -1.31850081585012e-01
 1.71721548897553e-01 -1.29473717761769e-01
 1.62093744464582e-01 -1.26941214206702e-01
 1.52864858507062e-01 -1.24273605996064e-01
 1.44026345286228e-01 -1.21490238226055e-01
 1.35571397568588e-01 -1.18601330731417e-01
 1.27490479338413e-01 -1.15623569054519e-01
 1.19771157216810e-01 -1.12579305249462e-01
 1.12405752886091e-01 -1.09476043927158e-01
 1.05384648546542e-01 -1.06326037375457e-01
 9.86938376883737e-02 -1.03148339959142e-01
 9.23227579056358e-02 -9.99530789732705e-02
 8.62621190254526e-02 -9.67469784705812e-02
 8.04993503036341e-02 -9.35421686028048e-02
 7.50219349754105e-02 -9.03499520814479e-02
 6.98227519001070e-02 -8.71711381053379e-02
 6.48924149769007e-02 -8.40112106643701e-02
 6.02164648901874e-02 -8.08826683396270e-02
 5.57875097751767e-02 -7.77867509700061e-02
 5.15978974432506e-02 -7.47247759588655e-02
 4.76378343838655e-02 -7.17009205660579e-02
 4.38957928044276e-02 -6.87216022291942e-02
 4.03620896110123e-02 -6.57913283269404e-02
 3.70296303420732e-02 -6.29107614516263e-02
 3.38890541203285e-02 -6.00827620830416e-02
 3.09340680860178e-02 -5.73072515724386e-02
 2.81634481350892e-02 -5.45793884355207e-02
 2.55647032049874e-02 -5.19063836161051e-02
 2.31372360450327e-02 -4.92839537438503e-02
 2.08719740623842e-02 -4.67143416308694e-02
 1.87576682717017e-02 -4.42026642149893e-02
 1.67941319969575e-02 -4.17442953411131e-02
 1.49725614807044e-02 -3.93425839905870e-02
 1.32826111365854e-02 -3.70004905934158e-02
 1.17147410616341e-02 -3.47200243529491e-02
 1.02833888925742e-02 -3.24895445865319e-02
 8.97184080714710e-03 -3.03153360352336e-02
 7.77035966546627e-03 -2.82003129767970e-02
 6.67005435091175e-03 -2.61462682559081e-02
 5.68857888307901e-03 -2.41451389630819e-02
 4.81266021963109e-03 -2.21994557666150e-02
 4.02349053242484e-03 -2.03165456950667e-02
 3.27941192061645e-03 -1.85116022585461e-02
 2.61319424399914e-03 -1.67664224424216e-02
 2.07797073310416e-03 -1.50623914465588e-02
 1.63882493883795e-03 -1.34100059120395e-02
 1.27350035031295e-03 -1.18131362240315e-02
 1.00790139131799e-03 -1.02714475967840e-02
 8.06706213467379e-04 -8.78577044289054e-03
 6.48639209113192e-04 -7.35995736273262e-03
 5.20927393619299e-04 -5.99337238392773e-03
 4.09482807320127e-04 -4.68519711300482e-03
 3.01461648204141e-04 -3.43395281797066e-03
 1.98545397737676e-04 -2.23717482807639e-03
 9.90944907947561e-05 -1.09281212136937e-03
 0.00000000000000e+00  0.00000000000000e+00
 9.68855283954663e-05  1.09837935642273e-03
 1.88825155055093e-04  2.24155733518499e-03
 2.80847733244423e-04  3.43736841628508e-03
 3.76161491348130e-04  4.68704991661669e-03
 4.71474952098872e-04  5.99319092730773e-03
 5.78628984805053e-04  7.35690104836845e-03
 7.13712029006032e-04  8.77944807491882e-03
 8.85471534510047e-04  1.02633979052289e-02
 1.10894779863207e-03  1.18055067024206e-02
 1.41407930365234e-03  1.34069149535747e-02
 1.78201222402829e-03  1.50682808662771e-02
 2.22859003791589e-03  1.67901368740592e-02
 2.76798691775401e-03  1.85656349865297e-02
 3.40015551939283e-03  2.04009071957877e-02
 4.07374288794465e-03  2.23101192059217e-02
 4.82531711246773e-03  2.42855841512490e-02
 5.68182863111101e-03  2.63200144063260e-02
 6.64487308608228e-03  2.84121386386139e-02
 7.70838560769279e-03  3.05685418832060e-02
 8.86078964303108e-03  3.27974094030658e-02
 1.01287522613729e-02  3.50862948409170e-02
 1.15192967519718e-02  3.74355858298812e-02
 1.30358927281461e-02  3.98463108239456e-02
 1.46727883954708e-02  4.23251184708022e-02
 1.64483631156923e-02  4.48625120442240e-02
 1.83705874275320e-02  4.74578571958857e-02
 2.04459136945119e-02  5.01104531482503e-02
 2.26846592963694e-02  5.28154666918239e-02
 2.50928766425821e-02  5.55711697858776e-02
 2.76778034894948e-02  5.83767044557555e-02
 3.04469413377593e-02  6.12297612926243e-02
 3.34094454924699e-02  6.41258156989795e-02
 3.65677952687751e-02  6.70664993727858e-02
 3.99322842158810e-02  7.00464408859942e-02
 4.35118017589034e-02  7.30618356970983e-02
 4.73134690247465e-02  7.61104616264108e-02
 5.13469388463042e-02  7.91871013987232e-02
 5.56189423431256e-02  8.22892625257766e-02
 6.01414729568889e-02  8.54074108932142e-02
 6.49244649539767e-02  8.85347361198686e-02
 6.99756354627807e-02  9.16672781870857e-02
 7.53026858825052e-02  9.48008259726233e-02
 8.09154038720055e-02  9.79278133884627e-02
 8.68231717544895e-02  1.01040039814804e-01
 9.30389021032309e-02  1.04121493122142e-01
 9.95686463697289e-02  1.07169346492045e-01
 1.06422681787958e-01  1.10171776121545e-01
 1.13612591847802e-01  1.13111998855111e-01
 1.21144970445280e-01  1.15984752669559e-01
 1.29027955195690e-01  1.18777409872972e-01
 1.37272458798363e-01  1.21469843307439e-01
 1.45884173927472e-01  1.24054576024359e-01
 1.54870268772354e-01  1.26520216644804e-01
 1.64238240933200e-01  1.28847523831714e-01
 1.73994276420079e-01  1.31023085834587e-01
 1.84143460424802e-01  1.33033711895069e-01
 1.94691454211540e-01  1.34859294227930e-01
 2.05641049083146e-01  1.36492417054119e-01
 2.16995970102747e-01  1.37916954808674e-01
 2.28757829801411e-01  1.39129601979609e-01
 2.40928390569535e-01  1.40125707367148e-01
 2.53509412206195e-01  1.40897012567758e-01
 2.66502324385011e-01  1.41432405422594e-01
 2.79908128004405e-01  1.41691875287591e-01
 2.93726549669936e-01  1.41721444945334e-01
 3.07957108595960e-01  1.41514852472895e-01
 3.22599171266577e-01  1.41008750247198e-01
 3.37652284001370e-01  1.40263633386980e-01
 3.53114717413396e-01  1.39254214425581e-01
 3.68984522270290e-01  1.37982110735605e-01
 3.85259510205874e-01  1.36447374984163e-01
 4.01937195108969e-01  1.34655824622844e-01
 4.19012341987462e-01  1.32588303468380e-01
 4.36483501483065e-01  1.30273233266181e-01
 4.54344746542993e-01  1.27698874992190e-01
 4.72591487662293e-01  1.24876554490313e-01
 4.91215691701170e-01  1.21794691661012e-01
 5.10212571186993e-01  1.18470899860861e-01
 5.29576283774121e-01  1.14920420114518e-01
 5.49301414737244e-01  1.11163163688186e-01
 5.69376138286805e-01  1.07190578499421e-01
 5.89790544814015e-01  1.03009701224984e-01
 6.10535661018395e-01  9.86369625316767e-02
 6.31598027441957e-01  9.40719305000897e-02
 6.52967718381158e-01  8.93352840552574e-02
 6.74629308164050e-01  8.44264595856324e-02
 6.96571087712991e-01  7.93661257513529e-02
 7.18777346886997e-01  7.41629417111774e-02
 7.41232336299919e-01  6.88280016943468e-02
 7.63924324198864e-01  6.33939830843765e-02
 7.86836814429282e-01  5.78778642155013e-02
 8.09953989381794e-01  5.23029669744285e-02
 8.33255648633522e-01  4.66758312350396e-02
 8.56727040699313e-01  4.10321363470056e-02
 8.80351465509620e-01  3.54016624436027e-02
 9.04109105323967e-01  2.98028542711976e-02
 9.27982101268552e-01  2.42679590828917e-02
 9.51949306507642e-01  1.87771881875734e-02
 9.75968992682178e-01  1.33186588018625e-02
 1.00000000000000e+00  7.91511970130632e-03
